1 20000 625000000
20001 40000 1250000000
40001 60000 2500000000
60001 220000 5000000000
220001 330000 4500000000
330001 440000 4050000000
440001 550000 3645000000
550001 660000 3281000000
660001 770000 2953000000
770001 880000 2658000000
880001 990000 2393000000
990001 1100000 2154000000
1100001 1210000 1939000000
1210001 1320000 1746000000
1320001 1430000 1572000000
1430001 1540000 1415000000
1540001 1650000 1274000000
1650001 1760000 1147000000
1760001 1870000 1033000000
1870001 1980000 930000000
1980001 2090000 837000000
2090001 2200000 754000000
2200001 2310000 679000000
2310001 2420000 612000000
2420001 2530000 551000000
2530001 2640000 496000000
2640001 2750000 447000000
2750001 2860000 403000000
2860001 2970000 363000000
2970001 3080000 327000000
3080001 3190000 295000000
3190001 3300000 266000000
3300001 3410000 240000000
3410001 3520000 216000000
3520001 3630000 195000000
3630001 3740000 176000000
3740001 3850000 159000000
3850001 31460000 150000000
31460001 31570000 148490909
31570001 31680000 133641818
31680001 31790000 120277636
31790001 31900000 108249872
31900001 32010000 97424885
32010001 32120000 87682397
32120001 32230000 78914157
32230001 32340000 71022741
32340001 32450000 63920467
32450001 32560000 57528420
32560001 32670000 51775578
32670001 32780000 46598021
32780001 32890000 41938218
32890001 33000000 37744397
33000001 33110000 33969957
33110001 33220000 30572961
33220001 33330000 27515665
33330001 33440000 24764099
33440001 33550000 22287689
33550001 33660000 20058920
33660001 33770000 18053028
33770001 33880000 16247725
33880001 33990000 14622953
33990001 34100000 13160657
34100001 34210000 11844592
34210001 34320000 10660132
34320001 35375353 10000000
dust 1660000
